28368
459
24391
24925
20429
8388
15172
20764
24633
3757
21469
21136
15511
21192
11973
3856
3703
32360
27323
13920
28458
8311
23879
18086
11164
24034
24933
19279
30588
26476
7327
4908
23329
19160
361
31794
3556
30091
7718
490
12387
16051
6098
19101
27783
27252
16501
15785
6770
26567
16536
10098
13869
12080
17080
8807
5691
30529
21165
17392
29076
21385
2714
26722
10655
4275
14985
4875
7634
2415
13098
29374
9848
17210
21690
24614
13630
17614
12373
32084
16883
29808
9004
15682
1140
13564
1634
11832
28887
27181
10221
19487
4679
4586
11078
2437
23072
30556
20126
19317
27542
545
23385
22486
1902
7927
3303
30074
21888
9958
3936
1271
19286
4498
10541
32064
29051
22579
30078
19618
5749
12274
13571
28361
12974
18366
11667
3943
32325
2006
18564
24134
27250
26266
9763
26994
15942
25477
11365
5704
27094
15283
3570
16481
28512
22080
8524
3612
20790
8351
17699
15347
32096
292
2020
26686
6242
31283
8809
22611
31573
28960
7497
25196
20189
10038
18809
8361
19131
4800
26142
19276
25815
16414
7211
20245
27944
5138
3652
16083
21689
18279
19940
14389
16558
16105
17135
1393
19090
32185
5458
353
20328
23423
18578
21715
298
7353
5277
1964
9546
19959
9734
8018
17280
1553
13339
7272
8057
24801
4275
17646
28522
32688
29100
18629
9259
30334
7305
24907
15520
3218
30401
10808
29583
29595
9812
9910
21194
14241
12448
1645
19808
26154
17242
26091
3950
17521
3970
372
11050
18503
21864
11885
23791
28058
15045
31330
13268
3516
20029
13354
17528
9322
32541
1869
26244
515
8440
26530
32539
32147
28764
23237
20730
3777
8778
4083
9583
23572
16398
20792
518
31056
24206
22177
12062
26182
16576
937
25336
4975
21831
3847
15229
9828
31151
27813
23518
19467
5241
1801
23260
30425
15902
7006
8825
28220
16176
25681
9968
15944
12366
31135
19424
29105
20425
25130
15993
18604
29437
25830
27006
17145
17891
8252
11744
28508
9662
28027
15690
20927
14963
19683
23805
9035
9133
16457
18957
17223
22262
16193
19874
9849
17704
30747
28606
13915
17038
12749
30570
30991
20133
24480
10052
28814
20278
20888
12559
11319
31813
24983
16546
6934
28610
10853
25913
6578
15328
3245
16662
317
6395
8087
10095
30575
7420
6913
17947
18791
20947
18280
31732
14012
31159
210
29804
23082
18695
200
24732
19406
2305
20254
12623
7467
26737
10070
10456
13433
2344
2753
7829
282
29910
14128
16139
27581
16841
1795
20104
18788
2676
372
3216
10087
28740
6838
27540
1322
5635
17608
20909
19212
13029
19816
7197
15406
10333
16409
4775
5559
23275
7180
17558
15193
7864
23755
8614
8634
1021
20456
22884
13497
20044
6695
11311
15399
5383
3394
1861
21469
27567
1566
9499
22946
1729
14319
27688
27260
29848
27800
24503
31420
16239
19294
15455
29080
1618
30614
21159
12772
15512
17861
17325
5568
26424
5218
5333
19123
32748
12527
1681
17279
7455
9532
10927
1569
7253
12717
22368
5730
7976
13852
18606
32457
29853
8825
14053
4117
19681
11963
30475
28474
11066
28502
20877
23252
20296
14687
10729
28900
32558
1086
879
17141
15101
13023
4139
32183
14087
10525
7088
20154
3574
31514
11614
21897
17346
28727
14225
2318
30997
26794
8683
30047
28250
2958
14049
18206
12702
32570
31623
30866
5473
22990
31764
27496
17857
9315
9835
7750
6344
25037
28424
11884
32678
17741
15681
7609
25086
14486
31071
32306
19857
6579
12087
21418
12742
20208
9683
21764
245
15019
24622
30779
5314
7658
1473
32351
10496
32061
1859
796
7432
31956
28605
29002
14209
16882
6203
13426
23444
22017
15033
11481
20751
32662
31922
32165
9400
12848
14455
15133
12800
4597
29803
25333
17892
18959
30626
6276
19760
8899
599
11781
22679
26374
10165
30533
6466
11493
30587
32216
20391
16675
2264
11305
17224
25103
28790
24402
13119
13140
4809
12922
18411
21941
24840
4849
17860
16035
14420
12553
23355
10307
3715
5525
7999
16135
29249
7790
32621
22561
25649
31587
30992
15209
14689
1487
3948
5488
19531
29033
17062
13916
31089
13141
7004
6814
23746
31970
27797
23862
14946
18739
24619
5148
5681
22620
17230
27370
25865
18318
6821
12169
3514
19653
10657
23309
14392
13059
12305
20333
2593
31707
29895
9809
32276
23996
32424
25228
15850
25421
21980
31301
20928
10049
10901
19301
3797
6293
13989
16272
7464
19871
31684
16809
8594
4867
15534
27021
15275
25497
10908
23278
11610
7743
15576
31853
3253
14087
16221
15394
23823
17103
21167
31004
8066
2838
23725
22464
24536
29522
28843
14239
16009
23173
5187
1021
30437
439
8197
2661
9177
22018
5905
24897
2951
21791
21465
19843
2223
12050
11324
21956
21515
30443
24311
9029
13134
31443
17007
28441
19811
25029
24882
1195
3355
20929
22784
3699
31360
30180
30207
31294
27291
13472
27232
18572
11617
279
7709
1816
14133
7351
27039
6686
8423
22128
19824
11853
27018
10258
5752
14188
3159
22628
3422
19762
14886
15536
10145
23876
5174
26993
22305
20359
14489
27088
329
17068
5082
16862
19162
23639
18603
14274
981
11202
21307
9211
10054
10902
31409
14796
29238
9122
28296
23720
7842
1303
7550
4157
27629
1217
32270
2032
17462
16649
18280
5491
19609
19805
9701
8627
21669
13961
5579
3895
23169
24164
2156
21468
30177
11633
32449
8621
23161
23260
2695
6599
18121
6136
19453
4695
23150
2483
30888
11872
18518
18212
9333
15222
19054
8627
27498
20226
24581
264
26326
13788
553
10945
24815
24452
21342
17887
16336
6708
14907
12630
12320
21301
4774
18065
20561
16531
18263
10094
15870
31407
963
25506
32290
3821
27904
4902
32189
4550
25949
22848
1012
8279
6796
6926
29960
17531
5805
2401
29273
27309
5724
1785
19685
2473
8117
9430
6693
13638
31580
7296
32025
22778
19285
15188
31639
24964
21521
24067
25185
17116
15608
4468
17033
30125
9728
28753
9504
2435
9214
26603
21112
8283
19225
2425
32585
225
16689
41
29643
13113
23181
7979
27745
8763
21355
3644
23505
1742
20088
26809
19685
8707
19151
25673
5029
10321
7408
25495
2001
8322
17500
24522
12429
27800
2744
27475
26240
22213
28666
8897
20699
29436
9004
14156
13212
10240
14365
22382
